    employee_id,    first_name,    employment_status,EmployeeStatus,    level,CurrentSalary,    work_location,DepartmentBU,ManagerName,    skills,    AllocationStartDate,    AllocationEndDate,Utilization,EmployeeStatus.1,PrevPerformance1To5,CurPerformance1To6,CSR1To5,EmployeeID
Emp111,HarishMasti,Permanent,Active,Level3,579891.0,New Delhi,Sales & Marketing,Rakesh Joshi,Leadership and Management,11-06-2023,06-06-2023,0.25,Partial Allocation,3.0,1.0,4.0,
